   -2.17634099039987   -2.21429743558818   -2.25652583770118   -2.30361142858140   -2.35619449019235   -2.41495031290807   -2.48054948473911   -2.55359005004223   -2.63449414919746   -2.72336832401056   -2.81984209919315   -2.92292370771585   -3.03093543241590   3.14159265358979   3.03093543241590   2.92292370771585
   -2.12245130932344   -2.15879893034246   -2.19959261321033   -2.24553726901845   -2.29743866747662   -2.35619449019235   -2.42276265396817   -2.49809154479651   -2.58299333824623   -2.67794504458899   -2.78282198331922   -2.89661399046293   -3.01723765904303   3.14159265358979   3.01723765904303   2.89661399046293
   -2.06473769571448   -2.09887077522126   -2.13752554431840   -2.18152229118411   -2.23183949564558   -2.28962632641652   -2.35619449019235   -2.43296638146212   -2.52134316760697   -2.62244653934327   -2.73670086730471   -2.86329299458468   -2.99969559898563   3.14159265358979   2.99969559898563   2.86329299458468
   -2.00320410236543   -2.03444393579570   -2.07014304847503   -2.11121582706548   -2.15879893034246   -2.21429743558818   -2.27942259892257   -2.35619449019235   -2.44685437739309   -2.55359005004223   -2.67794504458899   -2.81984209919315   -2.97644397617517   3.14159265358979   2.97644397617517   2.81984209919315
   -1.93797016061312   -1.96558744649466   -1.99742381992177   -2.03444393579570   -2.07789483118723   -2.12939564213846   -2.19104581277772   -2.26553460299160   -2.35619449019235   -2.46685171136624   -2.60117315331921   -2.76108627647743   -2.94419709373991   3.14159265358979   2.94419709373991   2.76108627647743
   -1.86929525838108   -1.89254688119154   -1.91956733037880   -1.95130270390726   -1.98902065637413   -2.03444393579570   -2.08994244104142   -2.15879893034246   -2.24553726901845   -2.35619449019235   -2.49809154479651   -2.67794504458899   -2.89661399046293   3.14159265358979   2.89661399046293   2.67794504458899
   -1.79759517484878   -1.81577498992176   -1.83704837594582   -1.86225312127276   -1.89254688119154   -1.92956699706547   -1.97568811307998   -2.03444393579570   -2.11121582706548   -2.21429743558818   -2.35619449019235   -2.55359005004223   -2.81984209919315   3.14159265358979   2.81984209919315   2.55359005004223
   -1.72344565519016   -1.73594500420952   -1.75064982658738   -1.76819188664478   -1.78946527266884   -1.81577498992176   -1.84909598580001   -1.89254688119154   -1.95130270390726   -2.03444393579570   -2.15879893034246   -2.35619449019235   -2.67794504458899   3.14159265358979   2.67794504458899   2.35619449019235
   -1.64756821806467   -1.65393755868334   -1.66145621399564   -1.67046497928606   -1.68145354796879   -1.69515132134166   -1.71269338139906   -1.73594500420952   -1.76819188664478   -1.81577498992176   -1.89254688119154   -2.03444393579570   -2.35619449019235   3.14159265358979   2.35619449019235   2.03444393579570
   -1.57079632679490   -1.57079632679490   -1.57079632679490   -1.57079632679490   -1.57079632679490   -1.57079632679490   -1.57079632679490   -1.57079632679490   -1.57079632679490   -1.57079632679490   -1.57079632679490   -1.57079632679490   -1.57079632679490   0   1.57079632679490   1.57079632679490
   -1.49402443552512   -1.48765509490646   -1.48013643959415   -1.47112767430373   -1.46013910562100   -1.44644133224814   -1.42889927219073   -1.40564764938027   -1.37340076694502   -1.32581766366803   -1.24904577239825   -1.10714871779409   -0.785398163397448   0   0.785398163397448   1.10714871779409
   -1.41814699839963   -1.40564764938027   -1.39094282700242   -1.37340076694502   -1.35212738092095   -1.32581766366803   -1.29249666778979   -1.24904577239825   -1.19028994968253   -1.10714871779409   -0.982793723247329   -0.785398163397448   -0.463647609000806   0   0.463647609000806   0.785398163397448
   -1.34399747874101   -1.32581766366803   -1.30454427764397   -1.27933953231703   -1.24904577239825   -1.21202565652432   -1.16590454050981   -1.10714871779409   -1.03037682652431   -0.927295218001612   -0.785398163397448   -0.588002603547568   -0.321750554396642   0   0.321750554396642   0.588002603547568
   -1.27229739520872   -1.24904577239825   -1.22202532321099   -1.19028994968253   -1.15257199721567   -1.10714871779409   -1.05165021254837   -0.982793723247329   -0.896055384571344   -0.785398163397448   -0.643501108793284   -0.463647609000806   -0.244978663126864   0   0.244978663126864   0.463647609000806
   -1.20362249297668   -1.17600520709514   -1.14416883366802   -1.10714871779409   -1.06369782240256   -1.01219701145133   -0.950546840812075   -0.876058050598193   -0.785398163397448   -0.674740942223553   -0.540419500270584   -0.380506377112365   -0.197395559849881   0   0.197395559849881   0.380506377112365
   -1.13838855122436   -1.10714871779409   -1.07144960511477   -1.03037682652431   -0.982793723247329   -0.927295218001612   -0.862170054667226   -0.785398163397448   -0.694738276196703   -0.588002603547568   -0.463647609000806   -0.321750554396642   -0.165148677414627   0   0.165148677414627   0.321750554396642
   -1.07685495787532   -1.04272187836854   -1.00406710927139   -0.960070362405688   -0.909753157944210   -0.851966327173272   -0.785398163397448   -0.708626272127670   -0.620249485982822   -0.519146114246523   -0.404891786285083   -0.278299659005111   -0.141897054604164   0   0.141897054604164   0.278299659005111
   -1.01914134426635   -0.982793723247329   -0.942000040379464   -0.896055384571344   -0.844153986113171   -0.785398163397448   -0.718829999621625   -0.643501108793284   -0.558599315343562   -0.463647609000806   -0.358770670270572   -0.244978663126864   -0.124354994546761   0   0.124354994546761   0.244978663126864
   -0.965251663189927   -0.927295218001612   -0.885066815888610   -0.837981225008390   -0.785398163397448   -0.726642340681726   -0.661043168850687   -0.588002603547568   -0.507098504392337   -0.418224329579229   -0.321750554396642   -0.218668945873942   -0.110657221173896   0   0.110657221173896   0.218668945873942
